Webots Project File version R2022a
perspectives: 000000ff00000000fd000000030000000000000197000003ccfc0100000001fb0000001e00480074006d006c0052006f0062006f007400570069006e0064006f0077000000000000000197000000000000000000000001000002be000003ccfc0200000001fb0000001400540065007800740045006400690074006f00720000000016000003cc0000003f00ffffff00000003000007380000007afc0100000001fb0000001a0043006f006e0073006f006c00650041006c006c0041006c006c0100000000000007380000006900ffffff000007380000035000000001000000020000000100000008fc00000000
simulationViewPerspectives: 000000ff000000010000000200000100000006360100000002010000000100
sceneTreePerspectives: 000000ff0000000100000002000000c0000000fa0100000002010000000200
maximizedDockId: -1
centralWidgetVisible: 1
orthographicViewHeight: 1
textFiles: 0 "../../../../../../../home/remon/.ros/webotsR2022a/webots/projects/devices/microsoft/protos/Kinect.proto"
consoles: Console:All:All
renderingDevicePerspectives: my_robot:kinect color;0;0.304688;0;0
renderingDevicePerspectives: my_robot:kinect range;0;0.304688;0;0
